[
  [
    0.999999463558197,
    0.15957802534103394,
    0.20752714574337006,
    0.19700901210308075,
    0.18258728086948395,
    0.15951958298683167,
    0.1616407185792923,
    0.2677554190158844,
    0.19278840720653534,
    0.19478827714920044,
    0.17511862516403198,
    0.1505424678325653,
    0.12883056700229645,
    0.20588311553001404,
    0.20790641009807587,
    0.1716729998588562,
    0.19116955995559692,
    0.25755995512008667,
    0.2377500832080841,
    0.16337555646896362,
    0.13950416445732117,
    0.24424290657043457,
    0.21581442654132843,
    0.27580928802490234,
    0.22717848420143127,
    0.1887432485818863,
    0.17406348884105682,
    0.22368223965168,
    0.17356272041797638,
    0.20123130083084106,
    0.17277224361896515,
    0.11870972067117691,
    0.25367045402526855,
    0.17354920506477356,
    0.26927921175956726,
    0.21672286093235016,
    0.18648146092891693,
    0.21877942979335785,
    0.20083190500736237,
    0.1695135086774826,
    0.21492643654346466,
    0.26896756887435913,
    0.23451590538024902,
    0.12275398522615433,
    0.12129689007997513,
    0.2157563418149948,
    0.13573798537254333,
    0.2122841328382492,
    0.20914116501808167,
    0.15554964542388916,
    0.2252877652645111,
    0.20033979415893555,
    0.20787008106708527,
    0.21501579880714417,
    0.19746287167072296,
    0.25515902042388916,
    0.10306526720523834,
    0.27290987968444824,
    0.16372594237327576,
    0.16030454635620117,
    0.19424249231815338,
    0.2470621019601822,
    0.24686142802238464,
    0.09191647917032242,
    0.18160298466682434,
    0.2159823775291443,
    0.22386455535888672,
    0.23369190096855164,
    0.23848477005958557,
    0.17060106992721558,
    0.30624452233314514,
    0.193367138504982,
    0.1510733664035797,
    0.21875374019145966,
    0.1855543851852417,
    0.28643879294395447,
    0.151626855134964,
    0.20546691119670868,
    0.2275361716747284,
    0.1888411045074463,
    0.18624818325042725,
    0.1641603708267212,
    0.20453132688999176,
    0.20550672709941864,
    0.15131784975528717,
    0.16251768171787262,
    0.2548597753047943,
    0.19265782833099365,
    0.19612720608711243,
    0.16176049411296844,
    0.2015664279460907,
    0.20788149535655975,
    0.17110022902488708,
    0.1858682483434677,
    0.17940819263458252,
    0.18681859970092773,
    0.1477344036102295,
    0.1942356526851654,
    0.18617886304855347,
    0.18075795471668243,
    0.07255373895168304,
    0.26582106947898865,
    0.1511196792125702,
    0.206879660487175,
    0.21895141899585724,
    0.2776298522949219,
    0.21297959983348846,
    0.11678475886583328,
    0.2170042246580124,
    0.2232757806777954,
    0.22726520895957947,
    0.20173294842243195,
    0.1634555459022522
  ],
  [
    0.15957802534103394,
    0.9999995827674866,
    0.1928141713142395,
    0.1723889857530594,
    0.15848702192306519,
    0.14523112773895264,
    0.17171993851661682,
    0.14188162982463837,
    0.22977054119110107,
    0.1753145158290863,
    0.1123494803905487,
    0.19239629805088043,
    0.23208671808242798,
    0.16937528550624847,
    0.17869842052459717,
    0.16908597946166992,
    0.28372448682785034,
    0.20837152004241943,
    0.1943272054195404,
    0.19295087456703186,
    0.2777172923088074,
    0.17877072095870972,
    0.13113167881965637,
    0.3932861089706421,
    0.18374203145503998,
    0.20888830721378326,
    0.22401213645935059,
    0.11723611503839493,
    0.20114776492118835,
    0.16293609142303467,
    0.13608448207378387,
    0.1915469616651535,
    0.17078091204166412,
    0.13153237104415894,
    0.20032845437526703,
    0.1625136435031891,
    0.2082243710756302,
    0.12899914383888245,
    0.1530527025461197,
    0.20609185099601746,
    0.2799975275993347,
    0.18730978667736053,
    0.2401036024093628,
    0.15361388027668,
    0.24096806347370148,
    0.22625279426574707,
    0.24861843883991241,
    0.09419360756874084,
    0.19382356107234955,
    0.17521807551383972,
    0.23517757654190063,
    0.23714758455753326,
    0.22848352789878845,
    0.18335497379302979,
    0.18401658535003662,
    0.17604050040245056,
    0.17149586975574493,
    0.1868874728679657,
    0.20263436436653137,
    0.22585144639015198,
    0.18679296970367432,
    0.2534940242767334,
    0.17122581601142883,
    0.20190125703811646,
    0.21318623423576355,
    0.19616463780403137,
    0.2070189267396927,
    0.1898917257785797,
    0.18624234199523926,
    0.1699388176202774,
    0.16855379939079285,
    0.22917550802230835,
    0.19885052740573883,
    0.19816745817661285,
    0.18104514479637146,
    0.19721779227256775,
    0.22122585773468018,
    0.16405737400054932,
    0.18966734409332275,
    0.20163801312446594,
    0.19360262155532837,
    0.2272091805934906,
    0.20363567769527435,
    0.14826399087905884,
    0.24214690923690796,
    0.2125971019268036,
    0.17303074896335602,
    0.23842868208885193,
    0.09056678414344788,
    0.22711440920829773,
    0.18579182028770447,
    0.26842376589775085,
    0.13244229555130005,
    0.13828063011169434,
    0.15785813331604004,
    0.21405421197414398,
    0.16449619829654694,
    0.1699168086051941,
    0.1812600940465927,
    0.22100050747394562,
    0.2331322729587555,
    0.1847323626279831,
    0.21133744716644287,
    0.14624610543251038,
    0.23478271067142487,
    0.2699619233608246,
    0.16411802172660828,
    0.2246658354997635,
    0.2621450424194336,
    0.1524130403995514,
    0.17957860231399536,
    0.18548627197742462,
    0.18650300800800323
  ],
  [
    0.20752714574337006,
    0.1928141713142395,
    0.999999463558197,
    0.1657898724079132,
    0.20181648433208466,
    0.2611755132675171,
    0.22007179260253906,
    0.20869475603103638,
    0.18295879662036896,
    0.21989527344703674,
    0.22821146249771118,
    0.16572795808315277,
    0.16018448770046234,
    0.21693792939186096,
    0.2270025759935379,
    0.23157405853271484,
    0.21206830441951752,
    0.1551627367734909,
    0.17030112445354462,
    0.2120407074689865,
    0.18705874681472778,
    0.2168850302696228,
    0.206012561917305,
    0.12481088936328888,
    0.22121024131774902,
    0.22759190201759338,
    0.17918503284454346,
    0.19683745503425598,
    0.26841288805007935,
    0.2327728271484375,
    0.20730748772621155,
    0.20719115436077118,
    0.2017701417207718,
    0.1449541449546814,
    0.23015254735946655,
    0.2008865922689438,
    0.23200684785842896,
    0.2250361144542694,
    0.15386393666267395,
    0.23365336656570435,
    0.18429988622665405,
    0.20767857134342194,
    0.27326640486717224,
    0.1669679880142212,
    0.1543068289756775,
    0.18779844045639038,
    0.20038054883480072,
    0.18438374996185303,
    0.24753881990909576,
    0.15034034848213196,
    0.16121071577072144,
    0.24914942681789398,
    0.20387007296085358,
    0.18965600430965424,
    0.19361071288585663,
    0.16737350821495056,
    0.24295872449874878,
    0.24062737822532654,
    0.14672112464904785,
    0.19205090403556824,
    0.22880783677101135,
    0.21457472443580627,
    0.15555411577224731,
    0.19201919436454773,
    0.23471109569072723,
    0.18541617691516876,
    0.17188505828380585,
    0.2081337422132492,
    0.23943248391151428,
    0.22016561031341553,
    0.19279876351356506,
    0.20417828857898712,
    0.1751677542924881,
    0.19928647577762604,
    0.19592492282390594,
    0.21792525053024292,
    0.2380455732345581,
    0.22676369547843933,
    0.242404967546463,
    0.2090718150138855,
    0.23014459013938904,
    0.2077866792678833,
    0.23430463671684265,
    0.1389860063791275,
    0.23892328143119812,
    0.2435237020254135,
    0.17579634487628937,
    0.28283464908599854,
    0.1431255340576172,
    0.21765288710594177,
    0.13609173893928528,
    0.22029072046279907,
    0.25964030623435974,
    0.2010325789451599,
    0.19597019255161285,
    0.19162720441818237,
    0.18985944986343384,
    0.1982475221157074,
    0.23771516978740692,
    0.19067318737506866,
    0.16788330674171448,
    0.27836376428604126,
    0.2884719967842102,
    0.2317231446504593,
    0.1887436807155609,
    0.18366798758506775,
    0.23358629643917084,
    0.1420118808746338,
    0.2122505009174347,
    0.22744019329547882,
    0.24877849221229553,
    0.24439454078674316,
    0.2058451622724533
  ],
  [
    0.19700901210308075,
    0.1723889857530594,
    0.1657898724079132,
    0.999999463558197,
    0.22870424389839172,
    0.18486492335796356,
    0.29405975341796875,
    0.1881890743970871,
    0.24427056312561035,
    0.16735488176345825,
    0.2461109161376953,
    0.08771608024835587,
    0.15285134315490723,
    0.22339272499084473,
    0.18398532271385193,
    0.2614879012107849,
    0.23466640710830688,
    0.17231489717960358,
    0.26781755685806274,
    0.2333400994539261,
    0.23909462988376617,
    0.2359841763973236,
    0.2403751015663147,
    0.263785719871521,
    0.20317550003528595,
    0.23167943954467773,
    0.3025205731391907,
    0.2051931619644165,
    0.1485263556241989,
    0.1712830662727356,
    0.08583678305149078,
    0.2122395932674408,
    0.16358709335327148,
    0.1341519057750702,
    0.19079290330410004,
    0.17180626094341278,
    0.3034129738807678,
    0.24933141469955444,
    0.17844337224960327,
    0.2221139520406723,
    0.2164134681224823,
    0.196797713637352,
    0.18612267076969147,
    0.1220359057188034,
    0.13469210267066956,
    0.19827674329280853,
    0.16916853189468384,
    0.22343331575393677,
    0.23346206545829773,
    0.14242197573184967,
    0.24751682579517365,
    0.11996617168188095,
    0.22157897055149078,
    0.16007870435714722,
    0.21639850735664368,
    0.09941219538450241,
    0.21327222883701324,
    0.1740577667951584,
    0.16931748390197754,
    0.20597992837429047,
    0.19003969430923462,
    0.23761186003684998,
    0.21563468873500824,
    0.11087751388549805,
    0.19989818334579468,
    0.1527830809354782,
    0.09080741554498672,
    0.24263304471969604,
    0.2540590167045593,
    0.14374324679374695,
    0.2078954130411148,
    0.16901816427707672,
    0.14553096890449524,
    0.23310551047325134,
    0.1570456326007843,
    0.26689663529396057,
    0.1517437994480133,
    0.1399829089641571,
    0.23916234076023102,
    0.25487449765205383,
    0.1959528923034668,
    0.19492651522159576,
    0.20929841697216034,
    0.2329416275024414,
    0.15465649962425232,
    0.21170049905776978,
    0.21867650747299194,
    0.18981224298477173,
    0.1835818588733673,
    0.28196609020233154,
    0.21149681508541107,
    0.17535413801670074,
    0.16892530024051666,
    0.16328880190849304,
    0.17064359784126282,
    0.22438110411167145,
    0.18080753087997437,
    0.13231106102466583,
    0.30018651485443115,
    0.3101487159729004,
    0.27347075939178467,
    0.1620025634765625,
    0.14863844215869904,
    0.18864186108112335,
    0.21454007923603058,
    0.1957368701696396,
    0.15178854763507843,
    0.203876331448555,
    0.15834550559520721,
    0.22310560941696167,
    0.24982565641403198,
    0.15027403831481934,
    0.19882552325725555
  ],
  [
    0.18258728086948395,
    0.15848702192306519,
    0.20181648433208466,
    0.22870424389839172,
    0.999999463558197,
    0.2811775505542755,
    0.24646085500717163,
    0.11798443645238876,
    0.1875726729631424,
    0.21904553472995758,
    0.24249957501888275,
    0.20624683797359467,
    0.1914539933204651,
    0.24071988463401794,
    0.17363175749778748,
    0.2336379736661911,
    0.17470617592334747,
    0.16565147042274475,
    0.1523076444864273,
    0.27444449067115784,
    0.1234106570482254,
    0.29358038306236267,
    0.24529138207435608,
    0.21289199590682983,
    0.20685911178588867,
    0.1867220550775528,
    0.20648324489593506,
    0.2072693556547165,
    0.1850500851869583,
    0.20973333716392517,
    0.23963864147663116,
    0.12310652434825897,
    0.23036523163318634,
    0.18059228360652924,
    0.18742883205413818,
    0.2642357647418976,
    0.19124144315719604,
    0.21360629796981812,
    0.237863689661026,
    0.18141408264636993,
    0.2554730772972107,
    0.23036642372608185,
    0.25313669443130493,
    0.18360021710395813,
    0.20263725519180298,
    0.09837611764669418,
    0.26377835869789124,
    0.1792011559009552,
    0.16856148838996887,
    0.2057952880859375,
    0.1651993691921234,
    0.19283145666122437,
    0.1637863665819168,
    0.18242277204990387,
    0.20479926466941833,
    0.19945791363716125,
    0.1923520565032959,
    0.19476884603500366,
    0.26114675402641296,
    0.1795528084039688,
    0.16886135935783386,
    0.16423659026622772,
    0.24277308583259583,
    0.276912122964859,
    0.21755944192409515,
    0.16672419011592865,
    0.20846369862556458,
    0.17462903261184692,
    0.14329709112644196,
    0.31834957003593445,
    0.19464346766471863,
    0.15672284364700317,
    0.2259703427553177,
    0.19649966061115265,
    0.1546865701675415,
    0.20318160951137543,
    0.11370113492012024,
    0.23858264088630676,
    0.1981043964624405,
    0.18293458223342896,
    0.11759421229362488,
    0.25770238041877747,
    0.1786148101091385,
    0.18532238900661469,
    0.14971846342086792,
    0.20689289271831512,
    0.2235177904367447,
    0.1726830005645752,
    0.24366530776023865,
    0.2591657042503357,
    0.22932803630828857,
    0.24485349655151367,
    0.20690615475177765,
    0.278238981962204,
    0.2218642681837082,
    0.1344359815120697,
    0.1948019415140152,
    0.20060434937477112,
    0.2117314636707306,
    0.18061739206314087,
    0.17447680234909058,
    0.18755285441875458,
    0.1778828203678131,
    0.16681139171123505,
    0.2215908169746399,
    0.1426365226507187,
    0.22412019968032837,
    0.14703944325447083,
    0.20170782506465912,
    0.24144403636455536,
    0.18152758479118347,
    0.26333484053611755,
    0.2511805295944214
  ],
  [
    0.15951958298683167,
    0.14523112773895264,
    0.2611755132675171,
    0.18486492335796356,
    0.2811775505542755,
    0.999999463558197,
    0.19949787855148315,
    0.12496359646320343,
    0.21613898873329163,
    0.2249012589454651,
    0.1766527146100998,
    0.20483000576496124,
    0.22376684844493866,
    0.17400586605072021,
    0.20441195368766785,
    0.21268628537654877,
    0.1352252960205078,
    0.07344481348991394,
    0.23883993923664093,
    0.1954137235879898,
    0.16071049869060516,
    0.19257527589797974,
    0.2086678445339203,
    0.10227211564779282,
    0.1334962546825409,
    0.13535669445991516,
    0.2129068672657013,
    0.23496650159358978,
    0.18567270040512085,
    0.24737180769443512,
    0.18408732116222382,
    0.1335969716310501,
    0.21029028296470642,
    0.18976658582687378,
    0.20077648758888245,
    0.255569726228714,
    0.227763369679451,
    0.19186493754386902,
    0.2049773931503296,
    0.16769114136695862,
    0.12462688237428665,
    0.14355754852294922,
    0.18897689878940582,
    0.18863613903522491,
    0.21286964416503906,
    0.18747511506080627,
    0.13707894086837769,
    0.18529482185840607,
    0.17779092490673065,
    0.2395930290222168,
    0.24894878268241882,
    0.2168751060962677,
    0.16871169209480286,
    0.24009168148040771,
    0.22246500849723816,
    0.16179069876670837,
    0.2233360856771469,
    0.18926529586315155,
    0.19737611711025238,
    0.22669661045074463,
    0.25841695070266724,
    0.24614574015140533,
    0.21146002411842346,
    0.1778075397014618,
    0.24393892288208008,
    0.2408297210931778,
    0.14501771330833435,
    0.16088365018367767,
    0.21162520349025726,
    0.22399333119392395,
    0.16419926285743713,
    0.1399936079978943,
    0.1581488847732544,
    0.12219485640525818,
    0.23169638216495514,
    0.16921238601207733,
    0.20973274111747742,
    0.151573047041893,
    0.20232824981212616,
    0.25672727823257446,
    0.2165047526359558,
    0.21745184063911438,
    0.14563819766044617,
    0.2787916362285614,
    0.21848608553409576,
    0.20273558795452118,
    0.22535324096679688,
    0.2233014702796936,
    0.20560377836227417,
    0.19650648534297943,
    0.24059750139713287,
    0.2191050499677658,
    0.211759552359581,
    0.1883532851934433,
    0.20263482630252838,
    0.18041633069515228,
    0.15284201502799988,
    0.18739351630210876,
    0.12695756554603577,
    0.15917780995368958,
    0.1927320957183838,
    0.12786194682121277,
    0.20036812126636505,
    0.186619833111763,
    0.26161375641822815,
    0.2623220384120941,
    0.23772411048412323,
    0.012463092803955078,
    0.14107021689414978,
    0.2728661298751831,
    0.2779976427555084,
    0.1583779901266098,
    0.2526289224624634
  ],
  [
    0.1616407185792923,
    0.17171993851661682,
    0.22007179260253906,
    0.29405975341796875,
    0.24646085500717163,
    0.19949787855148315,
    0.9999995827674866,
    0.22248375415802002,
    0.09869294613599777,
    0.19689875841140747,
    0.27702173590660095,
    0.2523905336856842,
    0.19514386355876923,
    0.16578298807144165,
    0.2292114943265915,
    0.26365917921066284,
    0.11103004217147827,
    0.19149565696716309,
    0.1865885704755783,
    0.29121658205986023,
    0.12408959865570068,
    0.1994684636592865,
    0.22919774055480957,
    0.10595086216926575,
    0.238219752907753,
    0.14420795440673828,
    0.23941253125667572,
    0.2103855013847351,
    0.23655521869659424,
    0.2031777948141098,
    0.20211414992809296,
    0.1751125305891037,
    0.3048071265220642,
    0.23246121406555176,
    0.17481662333011627,
    0.20916637778282166,
    0.1658998280763626,
    0.26879987120628357,
    0.1950867623090744,
    0.214901864528656,
    0.2329738885164261,
    0.19100387394428253,
    0.21513374149799347,
    0.18317966163158417,
    0.22903582453727722,
    0.21962019801139832,
    0.22717228531837463,
    0.22342154383659363,
    0.18653534352779388,
    0.18354962766170502,
    0.19051416218280792,
    0.16489218175411224,
    0.21400557458400726,
    0.1885586380958557,
    0.14524447917938232,
    0.2738572657108307,
    0.23162904381752014,
    0.153567373752594,
    0.18608856201171875,
    0.2565397322177887,
    0.2110522836446762,
    0.27405551075935364,
    0.14484453201293945,
    0.20947763323783875,
    0.2230551689863205,
    0.17188499867916107,
    0.1420873999595642,
    0.12795722484588623,
    0.24547773599624634,
    0.2526871860027313,
    0.24153189361095428,
    0.18132783472537994,
    0.23069246113300323,
    0.0984734445810318,
    0.1533084511756897,
    0.23963585495948792,
    0.18820154666900635,
    0.27566996216773987,
    0.19562067091464996,
    0.27713075280189514,
    0.20538455247879028,
    0.25094008445739746,
    0.20817184448242188,
    0.15316222608089447,
    0.19028374552726746,
    0.2139957994222641,
    0.1584777534008026,
    0.2620580494403839,
    0.19639329612255096,
    0.22128233313560486,
    0.22842247784137726,
    0.25760310888290405,
    0.21123401820659637,
    0.17421650886535645,
    0.22095054388046265,
    0.18115584552288055,
    0.1633366048336029,
    0.1929655522108078,
    0.2790447473526001,
    0.26440924406051636,
    0.24265888333320618,
    0.2719864249229431,
    0.07335737347602844,
    0.22217756509780884,
    0.12636643648147583,
    0.18664342164993286,
    0.1747959852218628,
    0.1729956567287445,
    0.14433696866035461,
    0.22862863540649414,
    0.13667914271354675,
    0.22696611285209656,
    0.2619198262691498
  ],
  [
    0.2677554190158844,
    0.14188162982463837,
    0.20869475603103638,
    0.1881890743970871,
    0.11798443645238876,
    0.12496359646320343,
    0.22248375415802002,
    0.999999463558197,
    0.15445737540721893,
    0.1735561639070511,
    0.1671302169561386,
    0.2135106474161148,
    0.24030238389968872,
    0.21481607854366302,
    0.23706631362438202,
    0.15393155813217163,
    0.20006726682186127,
    0.16816622018814087,
    0.20383571088314056,
    0.16271913051605225,
    0.18830004334449768,
    0.2484913468360901,
    0.17500755190849304,
    0.20755237340927124,
    0.21462005376815796,
    0.14017310738563538,
    0.1553039699792862,
    0.2063124179840088,
    0.16559503972530365,
    0.15183183550834656,
    0.19827648997306824,
    0.2089475840330124,
    0.2408199906349182,
    0.26392653584480286,
    0.2301626056432724,
    0.17228344082832336,
    0.18119457364082336,
    0.2346852421760559,
    0.21694831550121307,
    0.20431461930274963,
    0.19658340513706207,
    0.19873051345348358,
    0.16416525840759277,
    0.13975104689598083,
    0.20205770432949066,
    0.2318822741508484,
    0.11702338606119156,
    0.2016761600971222,
    0.21765723824501038,
    0.13767291605472565,
    0.17041975259780884,
    0.15675437450408936,
    0.22627419233322144,
    0.20047928392887115,
    0.22734297811985016,
    0.21617642045021057,
    0.21220748126506805,
    0.23670902848243713,
    0.1410578191280365,
    0.17412039637565613,
    0.11635719239711761,
    0.14011646807193756,
    0.18590717017650604,
    0.21057309210300446,
    0.138915553689003,
    0.2257736772298813,
    0.17186908423900604,
    0.2203180193901062,
    0.24333783984184265,
    0.1158880889415741,
    0.21552537381649017,
    0.21742840111255646,
    0.08408065885305405,
    0.1499023139476776,
    0.22524623572826385,
    0.2314285933971405,
    0.27100157737731934,
    0.2493642419576645,
    0.14760658144950867,
    0.17887291312217712,
    0.2610527276992798,
    0.15684475004673004,
    0.21086661517620087,
    0.20573845505714417,
    0.24952735006809235,
    0.19102728366851807,
    0.1685110181570053,
    0.1835443377494812,
    0.2070358693599701,
    0.16217297315597534,
    0.1839444935321808,
    0.20810912549495697,
    0.2600483298301697,
    0.2233663946390152,
    0.22098855674266815,
    0.19948658347129822,
    0.22458703815937042,
    0.1601361483335495,
    0.21479764580726624,
    0.1876032054424286,
    0.18953847885131836,
    0.20295004546642303,
    0.1649649441242218,
    0.19032254815101624,
    0.12306671589612961,
    0.1803458333015442,
    0.11895802617073059,
    0.3308179974555969,
    0.21262995898723602,
    0.1556684672832489,
    0.2188621461391449,
    0.2340601533651352,
    0.2145199477672577
  ],
  [
    0.19278840720653534,
    0.22977054119110107,
    0.18295879662036896,
    0.24427056312561035,
    0.1875726729631424,
    0.21613898873329163,
    0.09869294613599777,
    0.15445737540721893,
    0.999999463558197,
    0.18477654457092285,
    0.1687069982290268,
    0.11282279342412949,
    0.1451757252216339,
    0.11273675411939621,
    0.1750013828277588,
    0.19354434311389923,
    0.1858447939157486,
    0.16998688876628876,
    0.1977488249540329,
    0.16352516412734985,
    0.1976255178451538,
    0.20664873719215393,
    0.13362640142440796,
    0.20950517058372498,
    0.15256834030151367,
    0.18560388684272766,
    0.17430642247200012,
    0.2527022957801819,
    0.2210129201412201,
    0.19798526167869568,
    0.1063130795955658,
    0.18443472683429718,
    0.15961049497127533,
    0.23634803295135498,
    0.24352724850177765,
    0.23424497246742249,
    0.20492525398731232,
    0.19473345577716827,
    0.2192825824022293,
    0.2428409308195114,
    0.19693081080913544,
    0.14948831498622894,
    0.2586756646633148,
    0.17447321116924286,
    0.2259158194065094,
    0.19879762828350067,
    0.15523777902126312,
    0.17483362555503845,
    0.1618461161851883,
    0.16410428285598755,
    0.23092493414878845,
    0.15774747729301453,
    0.1439463496208191,
    0.18980099260807037,
    0.19421717524528503,
    0.20189261436462402,
    0.1808789223432541,
    0.21014203131198883,
    0.19630791246891022,
    0.19680263102054596,
    0.14588835835456848,
    0.1471409946680069,
    0.17076817154884338,
    0.15160219371318817,
    0.28315281867980957,
    0.20445503294467926,
    0.17982877790927887,
    0.16060024499893188,
    0.16307947039604187,
    0.26023170351982117,
    0.16223376989364624,
    0.1642352044582367,
    0.2050659954547882,
    0.2283133715391159,
    0.24454593658447266,
    0.17439299821853638,
    0.14225375652313232,
    0.15873955190181732,
    0.22283890843391418,
    0.1893870085477829,
    0.19206154346466064,
    0.18797644972801208,
    0.16712890565395355,
    0.18543970584869385,
    0.1320710927248001,
    0.16137976944446564,
    0.13773639500141144,
    0.17078110575675964,
    0.1973879039287567,
    0.1267661601305008,
    0.24764522910118103,
    0.21920666098594666,
    0.1169293001294136,
    0.1536182463169098,
    0.15585485100746155,
    0.20876814424991608,
    0.20323973894119263,
    0.17562052607536316,
    0.2293863594532013,
    0.20411264896392822,
    0.2196275293827057,
    0.20083798468112946,
    0.15285086631774902,
    0.09847179800271988,
    0.20024260878562927,
    0.21685531735420227,
    0.15491622686386108,
    0.2167591005563736,
    0.1686212718486786,
    0.1342945396900177,
    0.2229318916797638,
    0.1812213659286499,
    0.1813695728778839
  ],
  [
    0.19478827714920044,
    0.1753145158290863,
    0.21989527344703674,
    0.16735488176345825,
    0.21904553472995758,
    0.2249012589454651,
    0.19689875841140747,
    0.1735561639070511,
    0.18477654457092285,
    0.9999997019767761,
    0.1802932173013687,
    0.20374362170696259,
    0.23548774421215057,
    0.2130807638168335,
    0.20203039050102234,
    0.1752009093761444,
    0.21043142676353455,
    0.13872067630290985,
    0.12194201350212097,
    0.24860699474811554,
    0.151127427816391,
    0.27459990978240967,
    0.26471129059791565,
    0.22768481075763702,
    0.14638634026050568,
    0.19007110595703125,
    0.16005480289459229,
    0.19025254249572754,
    0.22297002375125885,
    0.138082817196846,
    0.22618581354618073,
    0.19992811977863312,
    0.23475554585456848,
    0.1605612188577652,
    0.2109253853559494,
    0.22849193215370178,
    0.2522697448730469,
    0.1406099796295166,
    0.15377108752727509,
    0.19810225069522858,
    0.09684313088655472,
    0.24006003141403198,
    0.1982339322566986,
    0.24037900567054749,
    0.189459428191185,
    0.23025095462799072,
    0.25116315484046936,
    0.23821291327476501,
    0.13883750140666962,
    0.22187089920043945,
    0.19300740957260132,
    0.20375791192054749,
    0.13332295417785645,
    0.21894332766532898,
    0.19704246520996094,
    0.2129485011100769,
    0.18069322407245636,
    0.22587506473064423,
    0.2182619273662567,
    0.24983146786689758,
    0.16183800995349884,
    0.18130137026309967,
    0.15788112580776215,
    0.19643603265285492,
    0.233869731426239,
    0.23184575140476227,
    0.2424730360507965,
    0.167832612991333,
    0.2493293434381485,
    0.14773572981357574,
    0.18674156069755554,
    0.08071233332157135,
    0.2029629796743393,
    0.17420385777950287,
    0.09724576026201248,
    0.20376533269882202,
    0.21307261288166046,
    0.06748184561729431,
    0.19282427430152893,
    0.17834626138210297,
    0.14675144851207733,
    0.2250014990568161,
    0.1690549999475479,
    0.20627884566783905,
    0.1530909240245819,
    0.1568893939256668,
    0.19979718327522278,
    0.1687781810760498,
    0.16918067634105682,
    0.2225910723209381,
    0.11135151237249374,
    0.1671745628118515,
    0.11693255603313446,
    0.26244398951530457,
    0.17106623947620392,
    0.17267076671123505,
    0.200548455119133,
    0.2019936591386795,
    0.13513898849487305,
    0.2423042505979538,
    0.22988361120224,
    0.17671465873718262,
    0.2024247646331787,
    0.16977104544639587,
    0.27065494656562805,
    0.195854052901268,
    0.18656355142593384,
    0.1957172453403473,
    0.18407367169857025,
    0.18576395511627197,
    0.1666158139705658,
    0.28996312618255615,
    0.2652367353439331
  ],
  [
    0.17511862516403198,
    0.1123494803905487,
    0.22821146249771118,
    0.2461109161376953,
    0.24249957501888275,
    0.1766527146100998,
    0.27702173590660095,
    0.1671302169561386,
    0.1687069982290268,
    0.1802932173013687,
    0.9999995231628418,
    0.172865629196167,
    0.23982316255569458,
    0.2181738018989563,
    0.25407904386520386,
    0.19848114252090454,
    0.15986599028110504,
    0.13804319500923157,
    0.2204332798719406,
    0.22595524787902832,
    0.21627752482891083,
    0.3127066493034363,
    0.1951465904712677,
    0.25608986616134644,
    0.1828429102897644,
    0.19633640348911285,
    0.25692757964134216,
    0.16686281561851501,
    0.23242181539535522,
    0.2533692419528961,
    0.22170597314834595,
    0.21126288175582886,
    0.14902012050151825,
    0.19374434649944305,
    0.23591113090515137,
    0.20083405077457428,
    0.15134882926940918,
    0.19850412011146545,
    0.26623284816741943,
    0.23537589609622955,
    0.10339662432670593,
    0.14463451504707336,
    0.22599858045578003,
    0.2002401351928711,
    0.19239000976085663,
    0.15720078349113464,
    0.2163664698600769,
    0.24718523025512695,
    0.10052789002656937,
    0.19049566984176636,
    0.23426055908203125,
    0.2719753384590149,
    0.18807968497276306,
    0.11619306355714798,
    0.17984764277935028,
    0.16535738110542297,
    0.22203722596168518,
    0.16624940931797028,
    0.17554272711277008,
    0.22059635818004608,
    0.17170169949531555,
    0.19299204647541046,
    0.21424029767513275,
    0.17876431345939636,
    0.14859506487846375,
    0.18889452517032623,
    0.18628452718257904,
    0.19742684066295624,
    0.21110564470291138,
    0.20811760425567627,
    0.15217897295951843,
    0.1931944042444229,
    0.19168546795845032,
    0.23517537117004395,
    0.165925070643425,
    0.2586311995983124,
    0.20773421227931976,
    0.22029505670070648,
    0.2547350525856018,
    0.2122405618429184,
    0.17612585425376892,
    0.19129537045955658,
    0.2844371795654297,
    0.3044334352016449,
    0.2707535922527313,
    0.17559726536273956,
    0.26239731907844543,
    0.2417946755886078,
    0.1748325228691101,
    0.17622767388820648,
    0.22042450308799744,
    0.18561868369579315,
    0.15451356768608093,
    0.17528656125068665,
    0.1529260277748108,
    0.17733488976955414,
    0.24851861596107483,
    0.24121086299419403,
    0.2120269238948822,
    0.25014135241508484,
    0.17225119471549988,
    0.21012331545352936,
    0.1673240214586258,
    0.23672513663768768,
    0.2330256849527359,
    0.1813482791185379,
    0.2015884816646576,
    0.09174509346485138,
    0.20160745084285736,
    0.21454741060733795,
    0.2002599686384201,
    0.20054510235786438,
    0.2327650487422943
  ],
  [
    0.1505424678325653,
    0.19239629805088043,
    0.16572795808315277,
    0.08771608024835587,
    0.20624683797359467,
    0.20483000576496124,
    0.2523905336856842,
    0.2135106474161148,
    0.11282279342412949,
    0.20374362170696259,
    0.172865629196167,
    0.999999463558197,
    0.19202303886413574,
    0.23747695982456207,
    0.1923188865184784,
    0.14977851510047913,
    0.2240394651889801,
    0.1345769166946411,
    0.22513294219970703,
    0.18034477531909943,
    0.1622173935174942,
    0.26256176829338074,
    0.14345765113830566,
    0.14865627884864807,
    0.2769186496734619,
    0.1913139373064041,
    0.17422117292881012,
    0.2402043342590332,
    0.16005879640579224,
    0.18977312743663788,
    0.23473525047302246,
    0.23835372924804688,
    0.23667164146900177,
    0.2071099728345871,
    0.19950564205646515,
    0.1324295699596405,
    0.18327569961547852,
    0.20421971380710602,
    0.2369944453239441,
    0.1834646463394165,
    0.14673146605491638,
    0.15865382552146912,
    0.14140668511390686,
    0.1873633861541748,
    0.20641502737998962,
    0.17228244245052338,
    0.254555881023407,
    0.12413317710161209,
    0.18301470577716827,
    0.23500801622867584,
    0.21332338452339172,
    0.14847274124622345,
    0.16762763261795044,
    0.15592670440673828,
    0.2124585211277008,
    0.17125923931598663,
    0.19232769310474396,
    0.08172758668661118,
    0.18568220734596252,
    0.25917041301727295,
    0.16585113108158112,
    0.23476725816726685,
    0.19550831615924835,
    0.20968620479106903,
    0.1636458933353424,
    0.18020465970039368,
    0.1522776484489441,
    0.10271518677473068,
    0.1493619978427887,
    0.19329632818698883,
    0.186011403799057,
    0.13528499007225037,
    0.1794990599155426,
    0.17472848296165466,
    0.16902455687522888,
    0.15355011820793152,
    0.20392978191375732,
    0.20408524572849274,
    0.2183961123228073,
    0.18536460399627686,
    0.2573120892047882,
    0.17717549204826355,
    0.22452110052108765,
    0.2191675305366516,
    0.18176591396331787,
    0.22255411744117737,
    0.22123774886131287,
    0.20034000277519226,
    0.1818818897008896,
    0.23306208848953247,
    0.2740670442581177,
    0.14240220189094543,
    0.19797809422016144,
    0.2037617266178131,
    0.16992346942424774,
    0.1938525289297104,
    0.25089508295059204,
    0.11577028036117554,
    0.1456112265586853,
    0.1329832673072815,
    0.2761194109916687,
    0.2623421251773834,
    0.173724964261055,
    0.17202003300189972,
    0.22635215520858765,
    0.21863974630832672,
    0.20612184703350067,
    0.2528885304927826,
    0.14422911405563354,
    0.2733682692050934,
    0.20724496245384216,
    0.1685141921043396,
    0.28888630867004395
  ],
  [
    0.12883056700229645,
    0.23208671808242798,
    0.16018448770046234,
    0.15285134315490723,
    0.1914539933204651,
    0.22376684844493866,
    0.19514386355876923,
    0.24030238389968872,
    0.1451757252216339,
    0.23548774421215057,
    0.23982316255569458,
    0.19202303886413574,
    0.9999995827674866,
    0.2720717191696167,
    0.22816869616508484,
    0.12196777760982513,
    0.17813850939273834,
    0.14549079537391663,
    0.18997550010681152,
    0.22359389066696167,
    0.17899839580059052,
    0.2298174351453781,
    0.2366945445537567,
    0.32945531606674194,
    0.20177820324897766,
    0.21923738718032837,
    0.19096024334430695,
    0.12534967064857483,
    0.25403884053230286,
    0.17069730162620544,
    0.24504345655441284,
    0.19043570756912231,
    0.23277345299720764,
    0.26527702808380127,
    0.13161516189575195,
    0.19807492196559906,
    0.22796089947223663,
    0.2272626906633377,
    0.22630080580711365,
    0.20946158468723297,
    0.21845510601997375,
    0.19314230978488922,
    0.2777278423309326,
    0.22669394314289093,
    0.2299930453300476,
    0.160882830619812,
    0.1866411715745926,
    0.09033892303705215,
    0.18318016827106476,
    0.20105859637260437,
    0.18399272859096527,
    0.20416241884231567,
    0.25715988874435425,
    0.20525158941745758,
    0.26219242811203003,
    0.2059391736984253,
    0.20470115542411804,
    0.24934253096580505,
    0.18240126967430115,
    0.22851431369781494,
    0.18239694833755493,
    0.23398905992507935,
    0.1749861240386963,
    0.1952483057975769,
    0.21495166420936584,
    0.23008993268013,
    0.23139061033725739,
    0.21387562155723572,
    0.19587114453315735,
    0.20051400363445282,
    0.1725907027721405,
    0.19173219799995422,
    0.21094317734241486,
    0.20228232443332672,
    0.16050276160240173,
    0.17977367341518402,
    0.17056773602962494,
    0.22730258107185364,
    0.13105735182762146,
    0.17437125742435455,
    0.15860363841056824,
    0.2469620704650879,
    0.27055278420448303,
    0.22455650568008423,
    0.23293350636959076,
    0.17455559968948364,
    0.21135760843753815,
    0.16607435047626495,
    0.18764406442642212,
    0.203323096036911,
    0.17128421366214752,
    0.2255406528711319,
    0.25022804737091064,
    0.24908176064491272,
    0.10941289365291595,
    0.20566010475158691,
    0.17093485593795776,
    0.19402018189430237,
    0.21308515965938568,
    0.23683857917785645,
    0.140030175447464,
    0.2109927535057068,
    0.22692187130451202,
    0.19522152841091156,
    0.15020710229873657,
    0.25722163915634155,
    0.1998583972454071,
    0.2747538685798645,
    0.1759728640317917,
    0.15299421548843384,
    0.28103312849998474,
    0.16292572021484375,
    0.1595243364572525
  ],
  [
    0.20588311553001404,
    0.16937528550624847,
    0.21693792939186096,
    0.22339272499084473,
    0.24071988463401794,
    0.17400586605072021,
    0.16578298807144165,
    0.21481607854366302,
    0.11273675411939621,
    0.2130807638168335,
    0.2181738018989563,
    0.23747695982456207,
    0.2720717191696167,
    0.9999997019767761,
    0.1311456263065338,
    0.2615179419517517,
    0.1831674426794052,
    0.18049387633800507,
    0.16490641236305237,
    0.18697413802146912,
    0.18708185851573944,
    0.19711066782474518,
    0.31621772050857544,
    0.278339147567749,
    0.2088426649570465,
    0.26761627197265625,
    0.24207209050655365,
    0.19150298833847046,
    0.20928855240345,
    0.27990666031837463,
    0.16847385466098785,
    0.17394781112670898,
    0.25257495045661926,
    0.16975107789039612,
    0.1692012995481491,
    0.19543689489364624,
    0.190756157040596,
    0.17304696142673492,
    0.09870040416717529,
    0.18663263320922852,
    0.2062823325395584,
    0.1675117462873459,
    0.26713529229164124,
    0.13105559349060059,
    0.12444205582141876,
    0.12908226251602173,
    0.1867319494485855,
    0.2126038521528244,
    0.20698954164981842,
    0.21621496975421906,
    0.24039813876152039,
    0.15272089838981628,
    0.16194844245910645,
    0.2434232383966446,
    0.20545701682567596,
    0.13176336884498596,
    0.20545931160449982,
    0.2608475387096405,
    0.15574058890342712,
    0.22778278589248657,
    0.18612098693847656,
    0.18758267164230347,
    0.2131168097257614,
    0.277761846780777,
    0.1630723625421524,
    0.23251964151859283,
    0.2583664357662201,
    0.19426704943180084,
    0.19298353791236877,
    0.1917392760515213,
    0.18574315309524536,
    0.262612521648407,
    0.17425614595413208,
    0.13500583171844482,
    0.1414686143398285,
    0.20623049139976501,
    0.20729322731494904,
    0.2540724575519562,
    0.12877219915390015,
    0.24693971872329712,
    0.17910905182361603,
    0.21772229671478271,
    0.2120918184518814,
    0.19184978306293488,
    0.19262540340423584,
    0.24955181777477264,
    0.2018476128578186,
    0.17935262620449066,
    0.20992746949195862,
    0.2056598663330078,
    0.1859312802553177,
    0.1774972677230835,
    0.20480172336101532,
    0.18557114899158478,
    0.22673733532428741,
    0.2031344622373581,
    0.24461160600185394,
    0.22491033375263214,
    0.173348069190979,
    0.19234661757946014,
    0.16523654758930206,
    0.24180243909358978,
    0.18388725817203522,
    0.21535983681678772,
    0.1346241533756256,
    0.18029481172561646,
    0.24005384743213654,
    0.28531014919281006,
    0.1500924676656723,
    0.18090635538101196,
    0.21728773415088654,
    0.30459386110305786,
    0.14845570921897888
  ],
  [
    0.20790641009807587,
    0.17869842052459717,
    0.2270025759935379,
    0.18398532271385193,
    0.17363175749778748,
    0.20441195368766785,
    0.2292114943265915,
    0.23706631362438202,
    0.1750013828277588,
    0.20203039050102234,
    0.25407904386520386,
    0.1923188865184784,
    0.22816869616508484,
    0.1311456263065338,
    0.999999463558197,
    0.1606958657503128,
    0.17944690585136414,
    0.23736265301704407,
    0.24482031166553497,
    0.24127283692359924,
    0.15175309777259827,
    0.16105327010154724,
    0.16019701957702637,
    0.23113059997558594,
    0.18706797063350677,
    0.2389107495546341,
    0.1194063350558281,
    0.2501383125782013,
    0.20837761461734772,
    0.25848156213760376,
    0.24508951604366302,
    0.20317932963371277,
    0.2941095530986786,
    0.18904384970664978,
    0.14089366793632507,
